9.984119905589575739e-01 6.526066196064781778e-05 1.490118448101458628e-03 3.263033098032390889e-05
9.984955576371739028e-01 0.000000000000000000e+00 1.405092395469641556e-03 9.934996735643929645e-05
9.980703196079007133e-01 2.201156340797699005e-05 1.702227570216887330e-03 2.054412584744519116e-04
9.973119621250472466e-01 3.565036969433373228e-05 2.516916100419961527e-03 1.354714048384681867e-04
9.988585251540235133e-01 2.267830819820841466e-05 1.080999357447934338e-03 3.779718033034735889e-05
9.960127713999159527e-01 3.373808815455725004e-05 3.711189697001297545e-03 2.423008149281838885e-04
9.987764286718859852e-01 0.000000000000000000e+00 1.200131264357038978e-03 2.344006375697341754e-05
9.981922927472082208e-01 6.757784122586203419e-05 1.609197344190839820e-03 1.309320673751076896e-04
9.980211440755527574e-01 6.431281754453662964e-05 1.870018848602680297e-03 4.452425830006381531e-05
9.976746265986942142e-01 0.000000000000000000e+00 2.146498524282264460e-03 1.788748770235220383e-04
9.983900965942043015e-01 -9.999400035997840970e-06 1.499910005399676064e-03 1.199928004319740781e-04
9.991848086697995290e-01 2.397621559413062403e-05 7.672388990121799691e-04 2.397621559413062403e-05
9.975464841437541308e-01 2.453515856245922118e-03 0.000000000000000000e+00 0.000000000000000000e+00
9.989228234697756781e-01 1.077176530224306086e-03 0.000000000000000000e+00 0.000000000000000000e+00
9.990306228921096432e-01 9.693771078903257957e-04 0.000000000000000000e+00 0.000000000000000000e+00
9.977065672174358912e-01 2.293432782564155600e-03 0.000000000000000000e+00 0.000000000000000000e+00
9.982884244228669157e-01 1.711575577133110952e-03 0.000000000000000000e+00 0.000000000000000000e+00
9.928261786933670896e-01 7.173821306632907797e-03 0.000000000000000000e+00 0.000000000000000000e+00
9.975701584269699440e-01 2.429841573030057725e-03 0.000000000000000000e+00 0.000000000000000000e+00
9.986646122239342116e-01 1.335387776065742214e-03 0.000000000000000000e+00 0.000000000000000000e+00
9.973015316983412371e-01 2.698468301658730421e-03 0.000000000000000000e+00 0.000000000000000000e+00
9.987468511438180041e-01 1.253148856181987873e-03 0.000000000000000000e+00 0.000000000000000000e+00
9.967440850879096814e-01 3.255914912090297330e-03 0.000000000000000000e+00 0.000000000000000000e+00
9.973409322476163297e-01 2.659067752383634763e-03 0.000000000000000000e+00 0.000000000000000000e+00
9.992183166069897871e-01 7.816833930102375571e-04 0.000000000000000000e+00 0.000000000000000000e+00
9.992189349112425845e-01 7.810650887573964557e-04 0.000000000000000000e+00 0.000000000000000000e+00
9.991000860787229154e-01 8.999139212770952082e-04 0.000000000000000000e+00 0.000000000000000000e+00
9.992588799655042209e-01 7.411200344957689316e-04 0.000000000000000000e+00 0.000000000000000000e+00
9.994812586148122957e-01 5.187413851877102590e-04 0.000000000000000000e+00 0.000000000000000000e+00
9.996087243886319085e-01 3.912756113681427534e-04 0.000000000000000000e+00 0.000000000000000000e+00
9.988718876938943447e-01 1.128112306105697338e-03 0.000000000000000000e+00 0.000000000000000000e+00
9.989761471539816418e-01 1.023852846018382529e-03 0.000000000000000000e+00 0.000000000000000000e+00
9.984336834726222909e-01 1.566316527377679393e-03 0.000000000000000000e+00 0.000000000000000000e+00
9.969848276527486508e-01 3.015172347251368710e-03 0.000000000000000000e+00 0.000000000000000000e+00
9.984033037401146560e-01 1.596696259885305429e-03 0.000000000000000000e+00 0.000000000000000000e+00
9.969848276527486508e-01 3.015172347251368710e-03 0.000000000000000000e+00 0.000000000000000000e+00
9.984082998532951558e-01 1.591700146704892955e-03 0.000000000000000000e+00 0.000000000000000000e+00
9.987685551294129827e-01 1.231444870587013445e-03 0.000000000000000000e+00 0.000000000000000000e+00
