9.984119905589575739e-01 6.526066196064781778e-05 1.490118448101458628e-03 3.263033098032390889e-05
9.984955576371739028e-01 0.000000000000000000e+00 1.405092395469641556e-03 9.934996735643929645e-05
9.980703196079007133e-01 2.201156340797699005e-05 1.702227570216887330e-03 2.054412584744519116e-04
9.973119621250472466e-01 3.565036969433373228e-05 2.516916100419961527e-03 1.354714048384681867e-04
9.988585251540235133e-01 1.511887213213894254e-05 1.088558793514003958e-03 3.779718033034735889e-05
9.960127713999159527e-01 3.373808815455725004e-05 3.711189697001297545e-03 2.423008149281838885e-04
9.987764286718859852e-01 0.000000000000000000e+00 1.200131264357038978e-03 2.344006375697341754e-05
9.981922927472082208e-01 6.757784122586203419e-05 1.609197344190839820e-03 1.309320673751076896e-04
9.980211440755527574e-01 6.431281754453662964e-05 1.870018848602680297e-03 4.452425830006381531e-05
9.976746265986942142e-01 9.937493167973447138e-06 2.156436017450238159e-03 1.589998906875751542e-04
9.983900965942043015e-01 -9.999400035997840970e-06 1.499910005399676064e-03 1.199928004319740781e-04
9.991848086697995290e-01 2.397621559413062403e-05 7.672388990121799691e-04 2.397621559413062403e-05
9.975464841437541308e-01 4.407513514214230984e-05 2.300549210752604427e-03 1.088915103511751232e-04
9.989228234697756781e-01 5.702699277658091354e-05 9.757952097326067203e-04 4.435432771511848605e-05
9.990306228921096432e-01 2.692714188584238133e-05 9.020592531757198407e-04 4.039071282876357030e-05
9.977065672174358912e-01 7.769471157996512265e-05 2.129410613673118381e-03 8.632745731107235399e-05
9.982884244228669157e-01 2.154430796391328302e-04 1.478178907524050397e-03 1.795358996992773811e-05
9.928261786933670896e-01 2.411368506431229468e-04 6.875140434813584514e-03 5.754402117619979444e-05
9.975701584269699440e-01 6.496902601684646751e-05 2.254425202784572559e-03 1.104473442286389961e-04
9.986646122239342116e-01 3.313617310336829162e-05 1.275742664479679244e-03 2.650893848269463398e-05
9.973015316983412371e-01 1.770749527479338159e-04 2.448253694514910921e-03 7.313965439588569772e-05
9.987468511438180041e-01 1.022978658107745291e-04 1.118882907305346385e-03 3.196808306586704034e-05
9.967440850879096814e-01 1.335759963934480903e-04 2.905277921557496059e-03 2.170609941393531535e-04
9.973409322476163297e-01 4.970220097913335961e-05 2.427124147814345521e-03 1.822414035901556587e-04
9.992183166069897871e-01 4.202598887151814998e-05 7.228470085901121146e-04 1.681039554860725864e-05
9.992189349112425845e-01 7.100591715976331292e-05 6.390532544378698570e-04 7.100591715976331292e-05
9.991000860787229154e-01 0.000000000000000000e+00 8.412238829329368251e-04 5.869003834415838314e-05
9.992588799655042209e-01 4.042472915431466333e-05 7.006953053414542547e-04 0.000000000000000000e+00
9.994812586148122957e-01 6.669532095270561285e-05 4.372248818010700971e-04 1.482118243393457950e-05
9.996087243886319085e-01 1.586252478519497658e-05 3.754130865829477938e-04 0.000000000000000000e+00
9.988718876938943447e-01 1.010249826363311096e-04 1.006040452086797397e-03 2.104687138256898060e-05
9.989761471539816418e-01 6.435646460686975979e-05 8.834387414215757800e-04 7.605763998993698885e-05
9.984336834726222909e-01 2.190652485842908443e-05 1.533456740090035795e-03 1.095326242921454222e-05
9.969848276527486508e-01 1.608091918534063354e-05 2.580987529247171560e-03 4.181038988188564925e-04
9.984033037401146560e-01 8.359666282122016855e-06 1.471301265653475075e-03 1.170353279497082495e-04
9.969848276527486508e-01 1.608091918534063354e-05 2.580987529247171560e-03 4.181038988188564925e-04
9.984082998532951558e-01 5.753133060379131365e-05 1.447871820195414721e-03 8.629699590568696709e-05
9.987685551294129827e-01 2.967337037559068620e-05 1.112751389084650714e-03 8.902011112677206200e-05
