2.758170000000000000e+05
7.045800000000000000e+04
1.362920000000000000e+05
1.402510000000000000e+05
1.322850000000000000e+05
3.260410000000000000e+05
2.133100000000000000e+05
2.367640000000000000e+05
2.021370000000000000e+05
1.006290000000000000e+05
1.000060000000000000e+05
8.341600000000000000e+04
1.157115000000000000e+06
1.578200000000000000e+05
1.485490000000000000e+05
3.475140000000000000e+05
3.341950000000000000e+05
3.649380000000000000e+05
3.078390000000000000e+05
3.017850000000000000e+05
2.597770000000000000e+05
1.564060000000000000e+05
1.796730000000000000e+05
1.207190000000000000e+05
1.189740000000000000e+05
4.225000000000000000e+04
1.022320000000000000e+05
7.421200000000000000e+04
1.349420000000000000e+05
1.891250000000000000e+05
2.375650000000000000e+05
1.709230000000000000e+05
9.129700000000000000e+04
1.243710000000000000e+05
1.196220000000000000e+05
1.243710000000000000e+05
1.042910000000000000e+05
1.348010000000000000e+05
